
Fe2Decoup G  Iron        0    0       1       25      0   

<Short_PARAM>
2 2 -4 1 130 1 0 30000 1 9999 
<Double_PARAM>
1000 1e-13 1e-20 1e-05 0.01 0.01 1e-05 1e-05 1e-05 1e-05 1e-05 1e-05 1e-06 1e-17 0.7 -0.0065 1 1000 0.001 12.05 1e-13 1e-13 1e-33 1e-20 1e-05 1e-10 0.001 1e-10 
<Short_Const>
7 7 28 26 22 3 0 0 4 2 0 1 1 0 31 1 2 1 1 0 0 0 0 2 1 2 0 2 0 2 31 0 0 0 0 0 1 0 0 
<Double_Const>
25 25 298.15 298.15 1 1 0 1003.1205313117 -13168727.8191992 0 0 0 0 0 0 0 0 0 0 0 
0 0 0 0 166.557745956918 1000 1.00074872858482 -5312.17468370702 0.0117606766168466 10.80298813914 9.86783659698163 0.582600568206498 1e-13 1e-20 55.50837344 0 9.99998974293703e-06 1e-05 0 2478.9711565 
38.9215133653371 55.5099153189533 4.01653388216503 0.000435902989810999 1.66e-24 4.01656165919115 4.01699765721428 55.5099153189533 0 0 0 0.485719547207245 1 
<Add_Double_Const>
1e-13 1e-13 1e-33 1e-20 1e-05 1e-05 1e-05 1e-05 1e-05 1e-05 1e-06 1 
<EpsW>
78.2451456494947 -0.355010888389707 0.00135076186526458 0.00406162824446391 0 
<EpsWg>
0 0 0 0 0 
<DenW>
0.997061364306806 -0.000258664181926326 -9.46964566455451e-06 4.50858902635513e-05 0 
<DenWg>
0.000767104546309221 -0 0 0 0 
Error Code 
Error Message
<L1>
23 3 1 1 
<muk>
0 1 43 44 
<mui>
3 4 5 6 10 11 14 
<muj>
21 23 24 28 29 30 31 32 35 36 37 38 39 40 42 43 51 69 72 74 86 87 88 91 92 95 137 138 
<DUL>
1000000 1000000 1000000 1000000 1000000 1000000 1000000 1000000 1000000 1000000 1000000 1000000 1000000 1000000 1000000 1000000 1000000 1000000 1000000 1000000 1000000 1000000 1000000 1000000 1000000 1000000 0 0 
<DLL>
0 0 0 0 0 0 0 0 0 0 0 0 0 0 0 0 0 0 0 0 0 0 0 0 0 0 0 0 
<Vol>
17.3408992646418 -22.682667453405 -37.8176754452727 0 0 0 0 0 0 0 0 0 0 0 0 0 0 -1.20796344838208 0 0 -4.70764729111645 0 18.067894076476 24789.711565 24789.711565 24789.711565 24.4799995422363 34.3600010871887 
<Pparc>
1 1 1 1 1 1 1 1 1 1 1 1 1 1 1 1 1 1 1 1 1 1 1 1 1 1 1 1 
<MM>
35.4529991149902 55.8450012207031 55.8450012207031 91.2980003356934 91.2980003356934 126.750999450684 162.203998565674 197.656997680664 89.8588004112244 89.8588004112244 106.865700006485 106.865700006485 123.872599601746 145.703801631927 72.8519008159637 72.8519008159637 2.01579999923706 22.9897994995117 39.9966990947723 31.9979991912842 17.0068995952606 1.00789999961853 18.0147995948792 2.01579999923706 18.0147995948792 31.9979991912842 89.8588004112244 106.865700006485 
<Awt>
35.4529991149902 55.8450012207031 55.8450012207031 1.00789999961853 22.9897994995117 15.9989995956421 0 
<A>
1 0 0 0 0 0 -1 0 1 0 0 0 0 2 0 0 1 0 0 0 3 1 1 0 0 0 0 1 1 0 1 0 0 0 2 2 0 1 0 0 
0 1 3 0 1 0 0 0 0 4 0 1 0 0 0 -1 0 1 0 2 0 2 0 0 0 1 2 0 2 1 0 0 1 3 0 3 0 0 1 0 
3 0 3 -1 0 0 1 4 0 4 -1 0 0 2 2 0 2 4 0 1 0 1 0 1 1 0 0 1 1 0 1 2 0 0 0 2 0 0 0 0 
0 0 0 1 0 1 0 0 0 1 1 1 0 0 0 0 0 0 2 0 0 0 0 1 0 1 -1 0 0 0 1 0 0 1 0 0 0 2 0 1 
0 0 0 0 2 0 0 0 0 0 0 2 0 1 0 0 0 0 0 0 2 0 0 1 0 2 0 2 0 0 0 1 3 0 3 0 
<XFs>
55.5341228091223 0 0 0 
<Falps>
1.10066001965187e-08 -0.373065922430783 4.73591470890496 -4.76420132187697 
<G>
-48.9974756797532 -32.9100334235187 -3.54230456450192 -83.2907174466548 -59.4105633700139 -113.570135187338 -163.628064066397 -212.065942555156 -176.65187418561 -180.784438339813 -261.281510405825 -244.394741353437 -335.517667535818 -195.497738772716 -106.608538441641 -93.4546292700472 11.1656245978869 -101.735483165299 -164.157262181035 10.6803835114351 -59.4869079885272 3.934564461945 -95.6606688673104 0 -92.2092213137051 0 -199.687440252393 -285.468369019323 
<G0>
-48.9155062595332 -32.5792935878857 -2.52892404807653 -83.2087480264347 -58.9608926512768 -113.458690347214 -163.627628068374 -211.954497715031 -176.651553502256 -180.702468919593 -261.28118972247 -244.312771933217 -335.435698115598 -193.695164539527 -106.526569021421 -93.1238894344142 11.16606059591 -101.653513745079 -164.156941497681 10.6807041947896 -59.4049385683072 4.01653388216503 -95.6606688673104 0 -92.2092213137051 0 -199.687440252393 -285.468369019323 
<lnGam>
-0.111444840124138 -0.449670718737109 -1.0133805164254 -0.111444840124138 -0.449670718737109 -0.111444840124138 -0.000435998023138267 -0.111444840124138 -0.000435998023138267 -0.111444840124138 -0.000435998023138267 -0.111444840124138 -0.111444840124138 -1.802574233189 -0.111444840124138 -0.449670718737109 -0.000435998023138267 -0.111444840124138 -0.000435998023138267 -0.000435998023138267 -0.111444840124138 -0.111444840124138 0 0 0 0 0 0 
<lnGmo>
-0.111880743113949 -0.45010662172692 -1.01381641941521 -0.111880743113949 -0.45010662172692 -0.111880743113949 -0.000871901012949266 -0.111880743113949 -0.000871901012949266 -0.111880743113949 -0.000871901012949266 -0.111880743113949 -0.111880743113949 -1.80301013617881 -0.111880743113949 -0.45010662172692 -0.000871901012949266 -0.111880743113949 -0.000871901012949266 -0.000871901012949266 -0.111880743113949 -0.111880743113949 1.90094279206576e-07 0 0 0 0 0 
<B>
0.011 0.001 1e-12 111.021830637945 0.011 55.5129153189724 0 
<U>
-34.8313738059963 -92.6531050558627 -152.244115140692 -47.5963607733043 -133.012672060057 -0.468383508427213 22.7215334955676 
<Uc>
-32.8617421946603 -32.861490029074 -95.3608531860352 -95.3612794707524 -129.9710076256 -129.972251379465 -47.513050347154 -47.5134312735481 -134.981426415037 -134.9816065154 -0.634990683437265 -0.634228772139104 24.6908280413947 24.6910441580023 
<Uefd>
0.288072377663823 -0.80278074250593 0.12803609232776 -0.0119755239447521 -0.288074846379857 0.0239510478932847 0.28807484661264 
<U_r>
-86345.9710063345 -229684.374993648 -377408.770180641 -117990.005511389 -329734.577485876 -1161.10920757134 56326.0261669606 
<C>
7.14789928364223e-19 1.0842021724855e-19 2.53588806526841e-28 2.8421709430404e-14 1.2760551350386e-18 -7.105427357601e-15 3.06370076065185e-19 
<XF>
55.5341228091223 0 0 0 
<YF>
55.5341228091223 0 0 0 
<Falp>
1.10066001965187e-08 -0.373065922430783 4.73591470890496 -4.76420132187697 
<X>
0.0109999729809646 3.84855625918417e-05 0 2.70190354336382e-08 0 0 0 0 0.000299105329454758 1.86887541626955e-18 2.99146021363932e-14 1.47009021001686e-05 9.70083528988057e-13 0 0.000647681186817798 1.33436246523088e-25 0 0.0109975117056229 2.48829437708234e-06 0.000499999999257206 0.000707517170215872 1.75908555489172e-11 55.5099153189533 0 0 0 0 0 
<Y>
0.0109999729809646 3.84855625918417e-05 0 2.70190354336382e-08 0 0 0 0 0.000299105329454758 1.86887541626955e-18 2.99146021363932e-14 1.47009021001686e-05 9.70083528988057e-13 0 0.000647681186817798 1.33436246523088e-25 0 0.0109975117056229 2.48829437708234e-06 0.000499999999257206 0.000707517170215872 1.75908555489172e-11 55.5099153189533 0 0 0 0 0 
<XY>
0 0 0 0 0 0 0 0 0 0 0 0 0 0 0 0 0 0 0 0 0 0 0 0 0 0 0 0 
<XU>
0 0 0 0 0 0 0 0 0 0 0 0 0 0 0 0 0 0 0 0 0 0 0 0 0 0 0 0 
<MU>
-1.07686341634808e-08 -1.41534787488301e-07 3.65579862227871e-41 -6.99352698222515e-14 1.26354140697333e-42 1.4302665636223e-45 4.42546483637895e-52 5.35465376227244e-60 -8.00830536462251e-09 4.51325904540563e-14 7.11796538348006e-08 -4.30711484702925e-13 -8.44214135793218e-07 2.31013393117712e-49 -1.47082030931047e-06 2.27021590894517e-26 0 1.01526776907048e-12 -1.01775831844336e-12 2.21671306625864e-07 -8.20774708588353e-08 1.86612321019295e-19 4.19905834057008e-07 0 0 0 0 0 
<EMU>
0.000198087775223132 6.93220393593553e-07 1.05382268179303e-35 4.86591289105736e-10 1.95494253988835e-36 6.56790895231066e-38 3.6508951406974e-41 4.0159902712514e-45 5.38739697235618e-06 3.36255590916576e-20 5.38595782143877e-16 2.64480391153209e-07 1.74693780267301e-14 2.44627061908007e-50 1.16623355926143e-05 2.40300786231613e-27 6.43858834387465e-47 0.000198043452619303 4.48078296748834e-08 9.00366067355738e-06 1.2740323985688e-05 3.16719334894836e-13 0.999564097403027 4.55330142097085e-42 0.0316858923270051 0.391892772987008 54439.572846403 1.72107056926952e-05 
<NMU>
-8.5268003162945 -14.1819178600433 -80.5380540524182 -21.4435965872894 -82.2227025461417 -85.6160380240354 -93.1110164312022 -102.226045224843 -12.1314482261778 -44.83900048783 -35.1575663246936 -15.1454987239229 -31.6783268737608 -114.234689981157 -11.3591460889865 -61.293076282215 -106.359190055894 -8.5270240936738 -16.9208829432672 -11.6178793218186 -11.2707384775559 -28.7807603920934 -0.000435997630127952 -95.1927213488715 -3.45188373416025 -0.936767014908547 10.9048466104158 -10.9699789437764 
<W>
0.00012099940558195 1.48113852801057e-09 0 7.30028275764198e-16 0 0 0 0 8.94639981082391e-08 3.49269532153667e-36 8.94883420978699e-28 2.16116522558743e-10 9.41062053213922e-25 0 4.19490919757712e-07 1.78052318861704e-50 0 0.000120945263715313 6.19160890701959e-12 2.49999999257206e-07 5.00580546150275e-07 3.09438198942872e-22 3081.35069871737 0 0 0 0 0 
<F>
-57.5234638984173 -47.0913865643342 0 -104.733567406145 0 0 0 0 -188.782714715994 -225.621758901617 -296.438065829986 -259.538468808343 -367.195187506781 0 -117.966776176175 -154.746928727447 0 -110.261695161853 -181.07730100856 -0.93664470579388 -70.7567824046136 -24.8452032142489 -95.6611050554278 0 0 0 0 0 
<F0>
-0.0819694202200273 -0.330739835633004 -1.0133805164254 -0.0819694202200273 -0.449670718737109 -0.111444840124138 -0.000435998023138267 -0.111444840124138 -0.000320683354508947 -0.0819694202200273 -0.000320683354508947 -0.0819694202200273 -0.0819694202200273 -1.802574233189 -0.0819694202200273 -0.330739835633004 -0.000435998023138267 -0.0819694202200273 -0.000320683354508947 -0.000320683354508947 -0.0819694202200273 -0.0819694202200273 0 0 0 0 0 0 
<YOF>
0 0 0 0 
<lnGmM>
0 0 0 0 0 0 0 0 0 0 0 0 0 0 0 0 0 0 0 0 0 0 0 0 0 0 0 0 
<fDQF>
0 0 0 0 0 0 0 0 0 0 0 0 0 0 0 0 0 0 0 0 0 0 0 0 0 0 0 0 
<FVOL>
1003.1205313117 0 0 0 
<FWGT>
1000.74872858482 0 0 0 
<Y_la>
-2.00680504155451 -4.60968101803063 -33.6726008612554 -7.6164983859016 -34.1594183514941 -35.4862355920679 -38.6930528287092 -42.6998700637331 -3.52407321045008 -17.7769932017779 -13.5241892402622 -4.88126923736191 -12.0613852730727 -48.6496063801141 -3.23687718147346 -25.0697971567968 -44.4466615291941 -2.00690222683552 -5.60409827951249 -3.30103306921033 -3.19848224367099 -10.80298813914 -0.000189433921783456 -41.3416735990619 -1.49913405791351 -0.406832745402711 4.73591470889271 -4.76420132186465 
<Y_w>
389.690260122073 2.14761830670533 0 0.0024649383362982 0 0 0 0 26.8571373949345 1.67809259434672e-13 3.19445311935781e-09 1.56984680448502 1.20076863586443e-07 0 47.1495034014591 9.71381118884987e-21 0 252.641429246017 0.0994491010746668 15.9870296258069 12.0236710096049 1.7716558407339e-08 999.251831589908 0 0 0 0 0 
<Fx>
-57.5529073015639 -47.2100380647276 -84.0795146539896 -104.762945366291 -141.632421955553 -199.185329257117 -256.738236558681 -314.291143860245 -188.782593619326 -225.652070208588 -296.438347985887 -259.568871396625 -367.224625763186 -309.731584862577 -117.996315842027 -154.865792431289 -95.1927215466085 -110.29113856449 -181.077416341789 -0.936767016854426 -70.786277777299 -24.8748272777367 -95.6611050550357 -95.1927215466085 -95.6611050550357 -0.936767016854426 -188.782593619326 -296.438347985887 
<Wx>
0.000198075929258356 6.93007481618489e-07 0 4.86530336069339e-10 0 0 0 0 5.38597378197221e-06 3.36527403645701e-20 5.38670651901955e-16 2.64718363351078e-07 1.74682425852364e-14 0 1.16627607326032e-05 2.40277940432633e-27 0 0.000198031609203997 4.48065846945115e-08 9.00347343156509e-06 1.27402241077562e-05 3.16757601616923e-13 0.999564097010189 0 0 0 0 0 
<VL>
-8.52686011967702 -14.1822250418285 -54.7552246294886 -21.4437218605028 -54.7552246294886 -54.7552246294886 -54.7552246294886 -54.7552246294886 -12.1317124313973 -44.8381924628171 -35.1574273251744 -15.1445993559184 -31.6783918719762 -54.7552246294886 -11.3591096355474 -61.2931713584127 -54.7552246294886 -8.52708389756681 -16.9209107285377 -11.617900118242 -11.2707463170993 -28.7806395772068 -0.000435998023137139 0 0 0 0 0 
<Gamma>
0.894930750776958 0.638116241357949 0.363148072947595 0.894930750776958 0.638116241357949 0.894930750776958 0.999999904966677 0.894930750776958 0.999999904966677 0.894930750776958 0.999999904966677 0.894930750776958 0.894930750776958 0.164945802258739 0.894930750776958 0.638116241357949 0.999999904966677 0.894930750776958 0.999999904966677 0.999999904966677 0.894930750776958 0.894930750776958 0.999999809905739 1 1 1 1 1 
<lnGmf>
0 0 0 0 0 0 0 0 0 0 0 0 0 0 0 0 0 0 0 0 0 0 0 0 0 0 0 0 
<BF>
0.011 0.001 9.9999813112445e-13 111.021830637945 0.011 55.5129153189724 -2.04109355204199e-18 0 0 0 0 0 0 0 
<BFC>
0 0 0 0 0 0 0 
<XFA>
55.5099153189533 0 
<YFA>
55.5099153189533 0 
<PUL>
1000000 1000000 
<PLL>
0 0 
<Y_m>
0.0109999729809684 3.8485562591855e-05 0 2.70190354336475e-08 0 0 0 0 0.000299105329454861 1.86887541627019e-18 2.99146021364035e-14 1.47009021001737e-05 9.70083528988391e-13 0 0.000647681186818021 1.33436246523134e-25 0 0.0109975117056267 2.4882943770832e-06 0.000499999999257378 0.000707517170216115 1.75908555489233e-11 55.50837344 0 0 0 0 0 
<IC_m>
0.0110000000000038 0.00100000000000034 1.00000000000034e-12 0.0020000000381824 0.0110000000000038 0.0030000000191063 -7.40044896301157e-19 
<IC_lm>
-1.95860731076809 -2.99999999376041 -11.9999999750421 -2.69896999043146 -1.95860731076809 -2.5228787372673 0 
<IC_wm>
0.389691217311237 0.0558032197549475 5.58032197549474e-11 0.00201429187981182 0.252698591835577 0.0479610892541077 -0 
<Aalp>
0 0 0 0 
<Xr0h0>
0 0 0 0 0 0 0 0 
<Sigw>
0 0 0 0 
<Sigg>
0 0 0 0 
<EZ>
-1 2 3 1 2 1 0 -1 0 1 0 -1 -1 4 1 2 0 1 0 0 -1 1 0 0 0 0 0 0 
<Xcond>
0 0 0 0 
<Xeps>
0 0 0 0 
<Fug>
0 0.031685892099806 0.391892772224432 
<Fug_l>
-41.3416735038691 -1.49913405446163 -0.406832744465944 
<Ppg_l>
-41.3416735038691 -1.49913405446163 -0.406832744465944 
<sMod>
'HNNSNNNN' 'INNINNNN' 
<LsMod>
2 0 4 0 0 0 
<IPxPH>

<PMc>
0.0640000030398369 3.72000002861023 0 0 0 0 0 0 
<LsMdc>
0 0 0 0 0 0 
<DMc>

<MoiSN>

<SitFr>

<LsMdc2>
0 0 0 0 0 0 
<DQFc>

<LsPhl>
0 0 0 0 0 0 0 0 
<PhLin>

<lPhc>

<lnDQFt>
0 0 0 0 0 0 0 0 0 0 0 0 0 0 0 0 0 0 0 0 0 0 0 0 0 0 
<lnRcpt>
0 0 0 0 0 0 0 0 0 0 0 0 0 0 0 0 0 0 0 0 0 0 0 0 0 0 
<lnExet>
0 0 0 0 0 0 0 0 0 0 0 0 0 0 0 0 0 0 0 0 0 0 0 0 0 0 
<lnCnft>
0 0 0 0 0 0 0 0 0 0 0 0 0 0 0 0 0 0 0 0 0 0 0 0 0 0 
<SorMc>
0 0 0 0 0 0 0 0 0 0 0 0 0 0 0 0 
0 0 0 0 0 0 0 0 0 0 0 0 0 0 0 0 
<LsISmo>
0 0 0 0 0 0 0 0 
<xSMd>

<IsoPc>

<IsoSc>

<IsoCt>

<LsESmo>
0 0 0 0 0 0 0 0 
<EImc>

<mCDc>

<lnScalT>
0 0 0 0 0 0 0 0 0 0 0 0 0 0 0 0 0 0 0 0 0 0 0 0 0 0 
<lnSACT>
0 0 0 0 0 0 0 0 0 0 0 0 0 0 0 0 0 0 0 0 0 0 0 0 0 0 
<lnGammF>
0 0 0 0 0 0 0 0 0 0 0 0 0 0 0 0 0 0 0 0 0 0 0 0 0 0 
<CTerms>
0 0 0 0 0 0 0 0 0 0 0 0 0 0 0 0 0 0 0 0 0 0 0 0 0 0 
<kMod>
'NNNNNN' 'NNNNNN' 'NNNNNN' 'NNNNNN' 
<LsKin>
0 0 0 0 0 0 0 0 0 0 0 0 0 0 0 0 0 0 0 0 0 0 0 0 
<xSKrC>

<ocPRkC>

<feSArC>

<rpConC>

<apConC>

<AscpC>

<LsUpt>
0 0 0 0 
<UMpcC>

<PfFact>
1 1 1 1 
<PrT>
0 0 0 0 
<PkT>
0 0 0 0 
<PvT>
0 0 0 0 
<emRd>
0 0 0 0 0 0 0 0 0 0 0 0 0 0 0 0 0 0 0 0 0 0 0 0 0 0 
<emDf>
0 0 0 0 0 0 0 0 0 0 0 0 0 0 0 0 0 0 0 0 0 0 0 0 0 0 
<Wb>
0 0 0 0 0 0 0 0 0 0 0 0 0 0 0 0 0 0 0 0 0 0 0 0 0 0 
<Wabs>
0 0 0 0 0 0 0 0 0 0 0 0 0 0 0 0 0 0 0 0 0 0 0 0 0 0 
<Rion>
0 0 0 0 0 0 0 0 0 0 0 0 0 0 0 0 0 0 0 0 0 0 0 0 0 0 
<Qp>
0 0 0 0 0 0 0 0 0 0 0 0 0 0 0 0 0 0 0 0 0 0 0 0 0 0 0 0 0 0 0 0 0 0 0 0 0 0 0 0 
0 0 0 0 0 0 0 0 0 0 0 0 0 0 0 0 0 0 0 0 0 0 0 0 0 0 0 0 0 0 0 0 0 0 0 0 0 0 0 0 
0 0 0 0 0 0 0 0 0 0 0 0 0 0 0 0 0 0 0 0 0 0 0 0 0 0 0 0 0 0 0 0 0 0 0 0 0 0 0 0 
0 0 0 0 0 0 0 0 0 0 0 0 0 0 0 0 0 0 0 0 0 0 0 0 0 0 0 0 0 0 0 0 0 0 0 0 0 0 0 0 
0 0 0 0 0 0 0 0 0 0 0 0 0 0 0 0 0 0 0 0 0 0 0 0 0 0 0 0 0 0 0 0 0 0 0 0 0 0 0 0 
0 0 0 0 0 0 0 0 0 0 0 0 0 0 0 0 0 0 0 0 0 0 0 0 0 0 0 0 0 0 0 0 0 0 0 0 0 0 0 0 
0 0 0 0 0 0 0 0 0 0 0 0 0 0 0 0 0 0 0 0 0 0 0 0 0 0 0 0 0 0 0 0 0 0 0 0 0 0 0 0 
0 0 0 0 0 0 0 0 0 0 0 0 0 0 0 0 0 0 0 0 0 0 0 0 0 0 0 0 0 0 0 0 0 0 0 0 0 0 0 0 
0 0 0 0 0 0 0 0 0 0 0 0 0 0 0 0 0 0 0 0 0 0 0 0 0 0 0 0 0 0 0 0 0 0 0 0 0 0 0 0 
<Qd>
0 0 0 0 0 0 0 0 0 0 0 0 0 0 0 0 0 0 0 0 0 0 0 0 0 0 0 0 0 0 0 0 0 0 0 0 0 0 0 0 
0 0 0 0 0 0 0 0 0 0 0 0 0 0 0 0 0 0 0 0 0 0 0 0 0 0 0 0 0 0 0 0 0 0 0 0 0 0 0 0 
0 0 0 0 0 0 0 0 0 0 0 0 0 0 0 0 0 0 0 0 0 0 0 0 0 0 0 0 0 0 0 0 0 0 0 0 0 0 0 0 
<H0>
-167079.999248881 -90294.9992677881 -50055.998611882 -235825 -194656 `  `  `  -546555 -508616 -761246 -807485 -1046576 -641672 -321525 -292586 -4039 -240339.999829424 -474270 -12059 -230014.999110065 0 -285830.098086347 0 -241826 0 `  -826700 
<A0>
0 0 0 0 0 0 0 0 0 0 0 0 0 0 0 0 0 0 0 0 0 0 0 0 0 0 0 0 
<U0>
0 0 0 0 0 0 0 0 0 0 0 0 0 0 0 0 0 0 0 0 0 0 0 0 0 0 0 0 
<S0>
56.600003562462 -102.170992659986 -282.403982297003 7.56318712234497 -121.305511474609 1.17549435082229e-38 1.17549435082229e-38 1.17549435082229e-38 31.9298305511475 127.51806640625 183.42253112793 -47.4067420959473 76.2364883422852 -379.663665771484 -29.6277961730957 -109.343795776367 57.6883163452148 58.4500019183888 26.7873706817627 109.298728942871 -10.899993589953 0 69.9494016414095 130.679992675781 188.835006713867 205.151992797852 1.17549435082229e-38 131.597229003906 
<Cp0>
-122.490362898508 -22.3909317351635 -106.853925072443 -146.115005493164 -231.115005493164 1.17549435082229e-38 1.17549435082229e-38 1.17549435082229e-38 127.702003479004 42.7019996643066 -31.94700050354 203.052993774414 193.404006958008 -65.2979965209961 52.351001739502 -32.648998260498 173.022994995117 38.1182271553368 113.327003479004 229.162002563477 -136.387340460219 0 75.3605258478432 28.8373256652201 33.5905479988852 29.3825885202285 1.17549435082229e-38 153.259994506836 
<VPh>
0 0 6.42966054006994e-06 0 0 0 0 0 0 0 
<GPh>
0 -10.2111540015004 -0.115429294419701 0 0 0 -366.174172896919 0 0 0 
<HPh>
0 0 0.0555944955715052 0 0 0 0 0 0 0 
<SPh>
0 0.0342483783380861 0.000573616602351858 0 0 0 1.22815419385182 0 0 0 
<CPh>
0 0 0.00104704893997182 0 0 0 0 0 0 0 
<APh>
0 -10.2111540015004 -0.115435724080241 0 0 0 -366.174172896919 0 0 0 
<UPh>
0 0 0.0555880659109652 0 0 0 0 0 0 0 