
Fe2Decoup G  Iron2Dec    0    0       1       25      0   

<Short_PARAM>
2 2 -4 1 130 1 0 30000 1 9999 
<Double_PARAM>
1000 1e-13 1e-20 1e-05 0.01 0.01 1e-05 1e-05 1e-05 1e-05 1e-05 1e-05 1e-06 1e-17 0.7 -0.0065 1 1000 0.001 12.05 1e-13 1e-13 1e-33 1e-20 1e-05 1e-10 0.001 1e-10 
<Short_Const>
10 10 40 37 32 4 0 0 5 2 0 3 2 0 29 1 2 1 1 0 0 0 0 2 1 2 0 2 0 2 29 0 0 0 0 0 1 0 0 
<Double_Const>
25 25 298.15 298.15 1 1 0 8591773.03852484 -13783395.4810115 0 0 0 0 0 0 0 0 0 0 0 
0 0 0 0 860.333535847216 1000 11.012816208502 -5560.12741208007 0.048597885638089 8.53160348514533 12.0718107472763 0.712723982761909 1e-13 1e-20 55.50837344 0 9.99998974293703e-06 1e-05 0 2478.9711565 
38.9215133653371 55.509450326504 4.01653388216503 0.00174588654224417 1.66e-24 4.01655328241028 5.84801443230395 0 9.96789577207492 0 0 0.496377904341514 1 
<Add_Double_Const>
1e-13 1e-13 1e-33 1e-20 1e-05 1e-05 1e-05 1e-05 1e-05 1e-05 1e-06 1 
<EpsW>
78.2451456494947 -0.355010888389707 0.00135076186526458 0.00406162824446391 0 
<EpsWg>
0 0 0 0 0 
<DenW>
0.997061364306806 -0.000258664181926326 -9.46964566455451e-06 4.50858902635513e-05 0 
<DenWg>
0.000767104546309221 -0 0 0 0 
Error Code 
Error Message
<L1>
33 4 1 1 1 
<muk>
0 1 13 43 44 
<mui>
1 2 3 4 5 6 9 10 11 14 
<muj>
12 13 14 15 16 21 23 24 25 26 27 28 29 30 31 32 35 36 37 38 39 40 42 43 51 52 69 72 74 85 86 87 88 90 91 94 95 107 137 138 
<DUL>
1000000 1000000 1000000 1000000 1000000 1000000 1000000 1000000 1000000 1000000 1000000 1000000 1000000 1000000 1000000 1000000 1000000 1000000 1000000 1000000 1000000 1000000 1000000 1000000 1000000 1000000 1000000 1000000 1000000 1000000 1000000 1000000 1000000 1000000 1000000 1000000 1000000 1000000 0 0 
<DLL>
0 0 0 0 0 0 0 0 0 0 0 0 0 0 0 0 0 0 0 0 0 0 0 0 0 0 0 0 0 0 0 0 0 0 0 0 0 0 0 0 
<Vol>
0 -6.05707529985131 -18.4391548951757 0 0 17.3408992646418 -22.682667453405 -37.8176754452727 0 0 0 0 0 0 0 0 0 0 0 0 0 0 0 0 0 24.2114367029738 -1.20796344838208 0 0 0 -4.70764729111645 0 18.067894076476 24789.711565 24789.711565 24789.711565 24789.711565 36.9300007820129 24.4799995422363 34.3600010871887 
<Pparc>
1 1 1 1 1 1 1 1 1 1 1 1 1 1 1 1 1 1 1 1 1 1 1 1 1 1 1 1 1 1 1 1 1 1 1 1 1 1 1 1 
<MM>
44.0091991424561 60.0081987380981 40.0779991149902 100.086197853088 101.094097852707 35.4529991149902 55.8450012207031 55.8450012207031 175.861398696899 235.869597434998 115.853199958801 91.2980003356934 91.2980003356934 126.750999450684 162.203998565674 197.656997680664 89.8588004112244 89.8588004112244 106.865700006485 106.865700006485 123.872599601746 145.703801631927 72.8519008159637 72.8519008159637 2.01579999923706 61.0160987377167 22.9897994995117 39.9966990947723 31.9979991912842 28.0139999389648 17.0068995952606 1.00789999961853 18.0147995948792 44.0091991424561 2.01579999923706 28.0139999389648 31.9979991912842 100.086197853088 89.8588004112244 106.865700006485 
<Awt>
12.0111999511719 40.0779991149902 35.4529991149902 55.8450012207031 55.8450012207031 1.00789999961853 14.0069999694824 22.9897994995117 15.9989995956421 0 
<A>
1 0 0 0 0 0 0 0 2 0 1 0 0 0 0 0 0 0 3 -2 0 1 0 0 0 0 0 0 0 2 1 1 0 0 0 0 0 0 3 0 
1 1 0 0 0 1 0 0 3 1 0 0 1 0 0 0 0 0 0 -1 0 0 0 1 0 0 0 0 0 2 0 0 0 0 1 0 0 0 0 3 
2 0 0 1 0 0 0 0 6 -2 3 0 0 0 1 0 0 0 9 -3 1 0 0 1 0 0 0 0 3 0 0 0 1 1 0 0 0 0 0 1 
0 0 1 0 1 0 0 0 0 2 0 0 2 0 1 0 0 0 0 1 0 0 3 0 1 0 0 0 0 0 0 0 4 0 1 0 0 0 0 -1 
0 0 0 1 0 2 0 0 2 0 0 0 0 0 1 2 0 0 2 1 0 0 0 0 1 3 0 0 3 0 0 0 0 1 0 3 0 0 3 -1 
0 0 0 0 1 4 0 0 4 -1 0 0 0 0 2 2 0 0 2 4 0 0 0 1 0 1 0 0 1 1 0 0 0 0 1 1 0 0 1 2 
0 0 0 0 0 2 0 0 0 0 1 0 0 0 0 1 0 0 3 -1 0 0 0 0 0 0 0 1 0 1 0 0 0 0 0 1 0 1 1 0 
0 0 0 0 0 0 0 0 2 0 0 0 0 0 0 0 2 0 0 0 0 0 0 0 0 1 0 0 1 -1 0 0 0 0 0 1 0 0 0 1 
0 0 0 0 0 2 0 0 1 0 1 0 0 0 0 0 0 0 2 0 0 0 0 0 0 2 0 0 0 0 0 0 0 0 0 0 2 0 0 0 
0 0 0 0 0 0 0 0 2 0 1 1 0 0 0 0 0 0 3 0 0 0 0 1 0 2 0 0 2 0 0 0 0 0 1 3 0 0 3 0 
<XFs>
55.6065330241718 346.545607139234 0.0995931105975901 0 0 
<Falps>
2.41158949929353e-07 -1.08354664578212e-09 -6.65523310270326e-06 0.741330629643203 -3.32146928979521 
<G>
-151.678957842409 -209.337970592809 -219.384880094569 -439.371088067483 -458.273444969502 -49.0143047222075 -32.9825499615064 -3.43961027327443 -475.747604368663 -697.555394079429 -258.326086769179 -83.3075464891091 -59.3641490248975 -113.557488809888 -163.628495445268 -212.053296177706 -176.65242087915 -180.801267382267 -261.282057099365 -244.411570395892 -335.534496578272 -196.960998903279 -106.625367484095 -93.5271458080349 11.1643131835316 -232.811521849582 -101.752312207754 -164.157808874575 10.6798368178952 11.3518067230844 -59.5037370309816 3.91773541949065 -95.6606688673104 -159.087369357216 0 0 0 -455.42393296499 -199.687440252393 -285.468369019323 
<G0>
-151.678090465514 -208.934714219188 -218.981623720949 -439.370220690588 -458.174646506827 -48.9155062595332 -32.5792935878857 -2.52892404807653 -475.344347995042 -696.644707854231 -258.325219392285 -83.2087480264347 -58.9608926512768 -113.458690347214 -163.627628068374 -211.954497715031 -176.651553502256 -180.702468919593 -261.28118972247 -244.312771933217 -335.435698115598 -193.695164539527 -106.526569021421 -93.1238894344142 11.16606059591 -232.712723386908 -101.653513745079 -164.156941497681 10.6807041947896 11.3526740999788 -59.4049385683072 4.01653388216503 -95.6606688673104 -159.087369357216 0 0 0 -455.42393296499 -199.687440252393 -285.468369019323 
<lnGam>
-0.00174741237837435 -0.812397913149759 -0.812397913149759 -0.00174741237837435 -0.199038800499064 -0.199038800499064 -0.812397913149759 -1.83466310090092 -0.812397913149759 -1.83466310090092 -0.00174741237837435 -0.199038800499064 -0.812397913149759 -0.199038800499064 -0.00174741237837435 -0.199038800499064 -0.00174741237837435 -0.199038800499064 -0.00174741237837435 -0.199038800499064 -0.199038800499064 -3.26583436375254 -0.199038800499064 -0.812397913149759 -0.00174741237837435 -0.199038800499064 -0.199038800499064 -0.00174741237837435 -0.00174741237837435 -0.00174741237837435 -0.199038800499064 -0.199038800499064 0 0 0 0 0 0 0 0 
<lnGmo>
-0.00349329892061851 -0.814143799692003 -0.814143799692003 -0.00349329892061851 -0.200784687041309 -0.200784687041309 -0.814143799692003 -1.83640898744316 -0.814143799692003 -1.83640898744316 -0.00349329892061851 -0.200784687041309 -0.814143799692003 -0.200784687041309 -0.00349329892061851 -0.200784687041309 -0.00349329892061851 -0.200784687041309 -0.00349329892061851 -0.200784687041309 -0.200784687041309 -3.26758025029478 -0.200784687041309 -0.814143799692003 -0.00349329892061851 -0.200784687041309 -0.200784687041309 -0.00349329892061851 -0.00349329892061851 -0.00349329892061851 -0.200784687041309 -0.200784687041309 3.05345079709696e-06 0 0 0 0 0 0 0 
<B>
0.20944046022347 0.0999138773836199 0.046000000001 0.001 1e-12 111.020830637946 547.273833378026 0.047 201.635517493634 0 
<U>
-165.609398567658 -287.474146006111 -28.4118509926739 -101.537909544309 -148.452503937116 -47.4411423520505 -0.1181071042682 -136.721087739805 -0.780134571820796 27.7963715299349 
<Uc>
-165.60115684141 -165.601155273471 -287.482371176018 -287.482393539146 -28.3135867345911 -28.3133240158549 -103.244743240412 -103.244208011564 -140.804560465301 -140.804560658387 -47.4411332391193 -47.4411331868121 -0.118108266396884 -0.118108270103473 -136.818557104383 -136.818432503884 -0.780136280335564 -0.78013628404162 27.8942350014715 27.8943040612739 
<Uefd>
-3.46591209098699e-05 -5.57588993018581e-06 -0.233228402105726 -0.203826592494571 -1.2316167006194e-05 -4.95893227894896e-11 0 0.233228380040424 1.10631566794346e-16 -0.233228402107835 
<U_r>
-410540.922294536 -712640.116188618 -70432.1591136144 -251709.549051647 -368009.475370312 -117605.223522144 -292.784104858605 -338927.632992283 -1933.93110173223 68906.4032780665 
<C>
1.38777878078145e-17 -2.77555756156289e-17 1.07393176831429e-18 1.86347248395946e-20 -1.05214973235209e-28 0 0 1.06441601223324e-19 1.63202784619898e-14 -7.01456190480174e-18 
<XF>
55.6065330241718 346.545607139234 0.0995931105975901 0 0 
<YF>
55.6065330241718 346.545607139234 0.0995931105975901 0 0 
<Falp>
2.41158949929353e-07 -1.08354664578212e-09 -6.65523310270326e-06 0.741330629643203 -3.32146928979521 
<X>
1.03878411751853e-05 5.65086022418403e-05 0.00031173421120985 5.91914202597513e-06 3.11343279400495e-06 0.0459995994549114 0.000195439494853518 2.40707367481447e-25 2.60197802949957e-06 3.821757289401e-15 0.000788146201559647 4.00546088636136e-07 1.08391174563842e-25 1.0616111134793e-26 2.07735147673538e-29 9.55821457115745e-33 3.03217036069062e-08 1.05447494871745e-14 8.28941414799926e-13 8.66594089840668e-12 1.56691892783576e-13 0 1.33814490991517e-05 1.85639563730737e-19 0 0.00190925088035561 0.0469999478357395 5.21642604943741e-08 0.000268013054909732 0.000514044708452963 4.12275494861603e-06 3.58373378525533e-09 55.509450326504 0.107068819569657 0 273.636402644305 72.8021356753601 0.0995931105975901 0 0 
<Y>
1.03878411751853e-05 5.65086022418403e-05 0.00031173421120985 5.91914202597513e-06 3.11343279400495e-06 0.0459995994549114 0.000195439494853518 2.40707367481447e-25 2.60197802949957e-06 3.821757289401e-15 0.000788146201559647 4.00546088636136e-07 1.08391174563842e-25 1.0616111134793e-26 2.07735147673538e-29 9.55821457115745e-33 3.03217036069062e-08 1.05447494871745e-14 8.28941414799926e-13 8.66594089840668e-12 1.56691892783576e-13 0 1.33814490991517e-05 1.85639563730737e-19 0 0.00190925088035561 0.0469999478357395 5.21642604943741e-08 0.000268013054909732 0.000514044708452963 4.12275494861603e-06 3.58373378525533e-09 55.509450326504 0.107068819569657 0 273.636402644305 72.8021356753601 0.0995931105975901 0 0 
<XY>
0 0 0 0 0 0 0 0 0 0 0 0 0 0 0 0 0 0 0 0 0 0 0 0 0 0 0 0 0 0 0 0 0 0 0 0 0 0 0 0 
<XU>
0 0 0 0 0 0 0 0 0 0 0 0 0 0 0 0 0 0 0 0 0 0 0 0 0 0 0 0 0 0 0 0 0 0 0 0 0 0 0 0 
<MU>
-5.13518290455431e-15 1.37800665207083e-09 -8.88378046434065e-08 -1.90486094948145e-15 -3.70298714204985e-12 6.02957876268604e-15 -1.68191179797359e-09 -4.29546935315659e-43 5.50471548822844e-14 3.51496175341816e-23 -5.73388889583018e-09 -7.08062230074755e-15 -8.75606945424954e-44 -8.41869808274713e-46 -3.23657518616274e-51 -6.84407664988232e-58 -8.33435130852867e-18 -1.87241783926727e-22 -5.02538327701421e-23 8.06833673892232e-26 2.79274473010108e-20 -1.58782402752779e-57 -4.22882138121618e-12 -1.40679292501396e-31 0 9.58581534547075e-07 -6.58586057948255e-11 7.05546329629563e-16 2.14723004904898e-23 0 4.39555878118592e-12 -4.90898834009078e-18 -4.12861186688267e-07 -5.45719295510599e-07 0 0 1.58439201421829e-12 -5.38486806494775e-07 -6.64643651366096e-08 -1.68514906409642e-12 
<EMU>
1.86787294237704e-07 1.01675059135555e-06 5.61063409399734e-06 1.06465411078534e-07 5.59672410200505e-08 0.000827465637160418 3.52038399126387e-06 4.33416906853159e-27 4.68189989596331e-08 6.88143159260868e-17 1.41724512598892e-05 7.2008434568644e-09 1.95035382443142e-27 1.90944373566108e-28 3.73590863110112e-31 1.71890054986817e-34 5.44786052069219e-10 1.89784208965015e-16 1.49082292167954e-14 1.558680497191e-13 2.81810504222182e-15 9.9114582647346e-38 2.40469490398404e-07 3.34033489091202e-21 8.7708714897178e-47 3.43461891860073e-05 0.00084546044014993 9.38121878733798e-10 4.82021786429033e-06 9.25259595248072e-06 7.41529058199516e-08 6.44113417065232e-11 0.99825417057923 0.000308960124198666 6.21079805363607e-42 0.789611514676369 0.210079522704474 0.999984675876883 5.51227187554918 0.000477013543918477 
<NMU>
-15.4932953314644 -13.7988987105457 -12.090846815584 -16.0554456831542 -16.6984992991647 -7.09714297766542 -12.5569404858767 -60.7032675986725 -16.8769767557266 -37.2151198702782 -11.1642105298162 -18.7490676709988 -61.501786706297 -63.8255706420665 -70.0621468190913 -77.7462082905503 -21.3306279633497 -36.2006439894658 -31.8368630379896 -29.4897665807155 -33.5027117066776 -85.2045420454265 -15.2406726144982 -47.1482158841726 -106.050063197583 -10.2790194861779 -7.07562917942526 -20.7871412406789 -12.242691430863 -11.5906064023015 -16.4171365807291 -23.4657313848691 -0.00174735515699566 -8.08229833729468 -94.8822845070089 -0.236214208045729 -1.56026914040056 -1.5324240532685e-05 1.70697685679633 -7.64796567351996 
<W>
1.07907244280875e-10 3.19322212732651e-09 9.71782184386275e-08 3.5036242323665e-11 9.69346376278545e-12 0.00211596315001228 3.81965961485982e-08 5.79400367598482e-50 6.77028966599847e-12 1.46058287790897e-29 6.211744350329e-07 1.60437169121708e-13 1.17486467233294e-50 1.12701815626276e-52 4.31538915789467e-58 9.13594657882866e-65 9.19405709625069e-16 1.11191741747267e-28 6.87143869170502e-25 7.50985316546776e-23 2.45523492640995e-26 0 1.79063179993187e-10 3.44620476221385e-38 0 3.64523892413866e-06 0.00220899509656223 2.72111007292492e-15 7.18309976020471e-08 2.64241962288492e-07 1.6997108366338e-11 1.28431478435805e-17 3081.29907555062 0.0114637321240397 0 74876.8808521161 5300.15095889354 0.00991878767850382 0 0 
<F>
-167.168639791816 -223.13389566801 -231.473047110802 -455.423214510967 -474.968037013589 -56.1082347081085 -45.5376170730552 -64.1406332270967 -492.621650386138 -734.768267529964 -269.486721115389 -102.052790884293 -120.863007261376 -177.379720951008 -233.687176784114 -289.796010693095 -197.978630365206 -216.999223115948 -293.115491407228 -273.897998404333 -369.033798958209 0 -121.861816085717 -140.67243319249 0 -243.087373568546 -108.824728390772 -184.94148451185 -1.55944544426287 -0.236200987649392 -75.9175333680686 -19.5439325996375 -95.6624193331396 -167.169667267239 0 -0.236214204805473 -1.56026914133161 -455.42393296499 0 0 
<F0>
-0.000867376894397879 -0.403256373620697 -0.403256373620697 -0.000867376894397879 -0.0987984626743744 -0.0987984626743744 -0.403256373620697 -0.910686225197901 -0.403256373620697 -0.910686225197901 -0.000867376894397879 -0.0987984626743744 -0.403256373620697 -0.0987984626743744 -0.000867376894397879 -0.0987984626743744 -0.000867376894397879 -0.0987984626743744 -0.000867376894397879 -0.0987984626743744 -0.0987984626743744 -3.26583436375254 -0.0987984626743744 -0.403256373620697 -0.00174741237837435 -0.0987984626743744 -0.0987984626743744 -0.000867376894397879 -0.000867376894397879 -0.000867376894397879 -0.0987984626743744 -0.0987984626743744 0 0 0 0 0 0 0 0 
<YOF>
0 0 0 0 0 
<lnGmM>
0 0 0 0 0 0 0 0 0 0 0 0 0 0 0 0 0 0 0 0 0 0 0 0 0 0 0 0 0 0 0 0 0 0 0 0 0 0 0 0 
<fDQF>
0 0 0 0 0 0 0 0 0 0 0 0 0 0 0 0 0 0 0 0 0 0 0 0 0 0 0 0 0 0 0 0 0 0 0 0 0 0 0 0 
<FVOL>
1003.71545176101 8590765.64509943 3.6779736522521 0 0 
<FWGT>
1002.96345428745 9999.88485844243 9.96789577207492 0 0 
<Y_la>
-4.98353593864649 -4.59972987526409 -3.85793236247972 -5.22767473438471 -5.59263193257288 -1.42281586336963 -4.06035427153739 -25.4140025905604 -5.93652218515025 -15.2132296420167 -3.10343829760428 -6.48318246122349 -25.3168309026142 -26.0596589650031 -28.6824870234596 -32.1053150802986 -7.5186572897015 -14.0623057568275 -12.0814572081842 -11.1478087294857 -12.890608653867 -36.6763206644687 -4.95950584785255 -19.0831542989741 -44.311840521794 -2.80468727311061 -1.41347253950918 -7.28262400505848 -3.57181660176576 -3.28861967213051 -5.47043765654332 -8.53160348514533 -0.000760192799438319 -3.51009756897383 -41.2068525916618 -0.102586527101141 -0.67761627795814 -6.65523310267694e-06 0.741330629641286 -3.32146928978662 
<Y_w>
0.455809799434536 3.38096011299791 12.4567683773249 0.590673984580185 0.313819689231422 1626.00516678195 10.8820703107495 1.34025852820167e-20 0.456235462708345 8.98772880997642e-10 91.0394681837428 0.036461006408995 9.86665810146225e-21 1.34162684678328e-21 3.35959116468678e-24 1.88366583771964e-27 0.00271662132941524 9.44738849161301e-10 8.832366142383e-08 9.23355518453053e-07 1.93524819001596e-08 0 0.971983573656577 1.34842351699032e-14 0 116.150832548144 1077.32676859976 0.00208023355345192 8.55054237280048 14.357899452535 0.0699081099787324 3.60137277719446e-06 997.036949830145 0 0 0 0 90.511778126104 0 0 
<Fx>
-167.169667711299 -223.54254534299 -231.881402946241 -455.423948289231 -475.068719111346 -56.2082225226088 -45.9451664844387 -65.0633893473108 -493.030257170419 -735.691025376281 -269.487711827429 -102.153389007047 -121.27161186992 -177.479834392528 -233.688056915137 -289.896279437746 -197.980463392051 -217.098686254923 -293.11633470873 -273.998111845857 -369.133983162536 -282.162075602234 -121.962814938245 -141.081037801117 -94.882284704101 -243.187316165106 -108.92471620987 -184.942364663676 -1.56026914364159 -0.2362142085364 -76.0176484538063 -19.6447708221156 -95.6624192759218 -167.169667711299 -94.882284704101 -0.2362142085364 -1.56026914364159 -455.423948289231 -197.980463392051 -293.11633470873 
<Wx>
1.86809725588714e-07 1.01622236037043e-06 5.60607170158121e-06 1.06446881401545e-07 5.59904137999677e-08 0.000827233725125708 3.51468585118518e-06 4.32876056805794e-27 4.67926678393797e-08 6.87285662592867e-17 1.41736259877422e-05 7.20321996089959e-09 1.94925251888524e-27 1.90914818051653e-28 3.73580470451623e-31 1.71890136847815e-34 5.4529030957074e-10 1.89631485972894e-16 1.4907266641486e-14 1.55843934644148e-13 2.81786840973277e-15 0 2.40645269025041e-07 3.33844880510786e-21 0 3.43350102320831e-05 0.000845223488673695 9.38095897323766e-10 4.81981235537969e-06 9.24432221353399e-06 7.41415571947976e-08 6.44480709433459e-11 0.998254113457756 0.000308960256208467 0 0.789611517234912 0.210079522508879 1 0 0 
<VL>
-15.4931752483276 -13.7994183741217 -12.0916603151534 -16.0556197424048 -16.698085343008 -7.09742328482153 -12.5585604104695 -60.7045162527429 -16.8775393163956 -37.2163667494558 -11.1641276451304 -18.7487376941044 -61.5023515353995 -63.82572544004 -70.0621746377669 -77.7462078143099 -21.3297027849765 -36.2014490326013 -31.8369276067839 -29.489921307362 -33.5027956788578 -54.7552246294886 -15.2399419005427 -47.1487806833756 -54.7552246294886 -10.2793450178843 -7.07590948193922 -20.7871689361952 -12.2427755610787 -11.5915010096544 -16.4172896360077 -23.4651613180488 -0.00174741237836983 -8.08229791002345 -54.7552246294886 -0.236214204805473 -1.56026914133161 0 0 0 
<Gamma>
0.999998474165034 0.444568101469836 0.444568101469836 0.999998474165034 0.820950130340009 0.820950130340009 0.444568101469836 0.159946288919611 0.444568101469836 0.159946288919611 0.999998474165034 0.820950130340009 0.444568101469836 0.820950130340009 0.999998474165034 0.820950130340009 0.999998474165034 0.820950130340009 0.999998474165034 0.820950130340009 0.820950130340009 0.0382317683337445 0.820950130340009 0.444568101469836 0.999998474165034 0.820950130340009 0.820950130340009 0.999998474165034 0.999998474165034 0.999998474165034 0.820950130340009 0.820950130340009 0.999996946553865 1 1 1 1 1 1 1 
<lnGmf>
0 0 0 0 0 0 0 0 0 0 0 0 0 0 0 0 0 0 0 0 0 0 0 0 0 0 0 0 0 0 0 0 0 0 0 0 0 0 0 0 
<BF>
0.00277853005622272 0.00032076678602983 0.046000000001 0.001 9.99999814360076e-13 111.020830637946 0.00102808941690593 0.047 55.5183291719822 7.01456190480174e-18 0.107068819569657 0 0 0 0 0 547.272805288609 0 145.81840898986 0 
<BFC>
0.0995931105975901 0.0995931105975901 0 0 0 0 0 0 0.29877933179277 0 
<XFA>
55.509450326504 0 
<YFA>
55.509450326504 0 
<PUL>
1000000 1000000 
<PLL>
0 0 
<Y_m>
1.03879281922226e-05 5.65090756040207e-05 0.000311736822550072 5.91919160954054e-06 3.11345887465953e-06 0.0459999847851059 0.000195441132014264 2.40709383842846e-25 2.60199982579154e-06 3.82178930355977e-15 0.000788152803715596 4.00549443937141e-07 1.083920825368e-25 1.06162000640058e-26 2.07736887832709e-29 9.55829463856508e-33 3.03219576062473e-08 1.05448378186039e-14 8.28948358689882e-13 8.66601349140167e-12 1.56693205362777e-13 0 1.33815611930926e-05 1.85641118799261e-19 0 0.00190926687379951 0.0470003415456687 5.21646974648017e-08 0.000268015300005859 0.000514049014511056 4.12278948417689e-06 3.58376380553492e-09 55.50837344 0 0 0 0 0.099591289045221 0 0 
<IC_m>
0.00277855333145859 0.000320769473034272 0.0460003853345499 0.0010000083768163 1.0000083768163e-12 0.00193000110486067 0.00102809802902211 0.0470003937103662 0.00887891985461797 1.06894461929181e-17 
<IC_lm>
-2.55618125764863 -3.4938069620603 -1.33723852753792 -2.99999635577071 -11.9999963370524 -2.71444243672765 -2.98796546722592 -1.32789850131264 -2.05163985987685 -16.9710447591756 
<IC_wm>
0.0332748715149764 0.012817706279991 1.62601932538371 0.0556799960975424 5.56799960975424e-11 0.00193948424510163 0.014357899452535 1.07732796430224 0.141632922523361 0 
<Aalp>
0 0 0 0 0 
<Xr0h0>
0 0 0 0 0 0 0 0 0 0 
<Sigw>
0 0 0 0 0 
<Sigg>
0 0 0 0 0 
<EZ>
0 -2 2 0 1 -1 2 3 -2 -3 0 1 2 1 0 -1 0 1 0 -1 -1 4 1 2 0 -1 1 0 0 0 -1 1 0 0 0 0 0 0 0 0 
<Xcond>
0 0 0 0 0 
<Xeps>
0 0 0 0 0 
<Fug>
0.000308960119011602 0 0.78961151428893 0.210079522023599 
<Fug_l>
-3.51009756089153 -41.2068524967795 -0.102586526864927 -0.677616276397871 
<Ppg_l>
-3.51009756089153 -41.2068524967795 -0.102586526864927 -0.677616276397871 
<sMod>
'HNNSNNNN' 'INNINNNN' 
<LsMod>
2 0 4 0 0 0 
<IPxPH>

<PMc>
0.0640000030398369 3.72000002861023 0 0 0 0 0 0 
<LsMdc>
0 0 0 0 0 0 
<DMc>

<MoiSN>

<SitFr>

<LsMdc2>
0 0 0 0 0 0 
<DQFc>

<LsPhl>
0 0 0 0 0 0 0 0 0 0 
<PhLin>

<lPhc>

<lnDQFt>
0 0 0 0 0 0 0 0 0 0 0 0 0 0 0 0 0 0 0 0 0 0 0 0 0 0 0 0 0 0 0 0 0 0 0 0 0 
<lnRcpt>
0 0 0 0 0 0 0 0 0 0 0 0 0 0 0 0 0 0 0 0 0 0 0 0 0 0 0 0 0 0 0 0 0 0 0 0 0 
<lnExet>
0 0 0 0 0 0 0 0 0 0 0 0 0 0 0 0 0 0 0 0 0 0 0 0 0 0 0 0 0 0 0 0 0 0 0 0 0 
<lnCnft>
0 0 0 0 0 0 0 0 0 0 0 0 0 0 0 0 0 0 0 0 0 0 0 0 0 0 0 0 0 0 0 0 0 0 0 0 0 
<SorMc>
0 0 0 0 0 0 0 0 0 0 0 0 0 0 0 0 
0 0 0 0 0 0 0 0 0 0 0 0 0 0 0 0 
<LsISmo>
0 0 0 0 0 0 0 0 
<xSMd>

<IsoPc>

<IsoSc>

<IsoCt>

<LsESmo>
0 0 0 0 0 0 0 0 
<EImc>

<mCDc>

<lnScalT>
0 0 0 0 0 0 0 0 0 0 0 0 0 0 0 0 0 0 0 0 0 0 0 0 0 0 0 0 0 0 0 0 0 0 0 0 0 
<lnSACT>
0 0 0 0 0 0 0 0 0 0 0 0 0 0 0 0 0 0 0 0 0 0 0 0 0 0 0 0 0 0 0 0 0 0 0 0 0 
<lnGammF>
0 0 0 0 0 0 0 0 0 0 0 0 0 0 0 0 0 0 0 0 0 0 0 0 0 0 0 0 0 0 0 0 0 0 0 0 0 
<CTerms>
0 0 0 0 0 0 0 0 0 0 0 0 0 0 0 0 0 0 0 0 0 0 0 0 0 0 0 0 0 0 0 0 0 0 0 0 0 
<kMod>
'NNNNNN' 'NNNNNN' 'NNNNNN' 'NNNNNN' 'NNNNNN' 
<LsKin>
0 0 0 0 0 0 0 0 0 0 0 0 0 0 0 0 0 0 0 0 0 0 0 0 0 0 0 0 0 0 
<xSKrC>

<ocPRkC>

<feSArC>

<rpConC>

<apConC>

<AscpC>

<LsUpt>
0 0 0 0 
<UMpcC>

<PfFact>
1 1 1 1 1 
<PrT>
0 0 0 0 0 
<PkT>
0 0 0 0 0 
<PvT>
0 0 0 0 0 
<emRd>
0 0 0 0 0 0 0 0 0 0 0 0 0 0 0 0 0 0 0 0 0 0 0 0 0 0 0 0 0 0 0 0 0 0 0 0 0 
<emDf>
0 0 0 0 0 0 0 0 0 0 0 0 0 0 0 0 0 0 0 0 0 0 0 0 0 0 0 0 0 0 0 0 0 0 0 0 0 
<Wb>
0 0 0 0 0 0 0 0 0 0 0 0 0 0 0 0 0 0 0 0 0 0 0 0 0 0 0 0 0 0 0 0 0 0 0 0 0 
<Wabs>
0 0 0 0 0 0 0 0 0 0 0 0 0 0 0 0 0 0 0 0 0 0 0 0 0 0 0 0 0 0 0 0 0 0 0 0 0 
<Rion>
0 0 0 0 0 0 0 0 0 0 0 0 0 0 0 0 0 0 0 0 0 0 0 0 0 0 0 0 0 0 0 0 0 0 0 0 0 
<Qp>
0 0 0 0 0 0 0 0 0 0 0 0 0 0 0 0 0 0 0 0 0 0 0 0 0 0 0 0 0 0 0 0 0 0 0 0 0 0 0 0 
0 0 0 0 0 0 0 0 0 0 0 0 0 0 0 0 0 0 0 0 0 0 0 0 0 0 0 0 0 0 0 0 0 0 0 0 0 0 0 0 
0 0 0 0 0 0 0 0 0 0 0 0 0 0 0 0 0 0 0 0 0 0 0 0 0 0 0 0 0 0 0 0 0 0 0 0 0 0 0 0 
0 0 0 0 0 0 0 0 0 0 0 0 0 0 0 0 0 0 0 0 0 0 0 0 0 0 0 0 0 0 0 0 0 0 0 0 0 0 0 0 
0 0 0 0 0 0 0 0 0 0 0 0 0 0 0 0 0 0 0 0 0 0 0 0 0 0 0 0 0 0 0 0 0 0 0 0 0 0 0 0 
0 0 0 0 0 0 0 0 0 0 0 0 0 0 0 0 0 0 0 0 0 0 0 0 0 0 0 0 0 0 0 0 0 0 0 0 0 0 0 0 
0 0 0 0 0 0 0 0 0 0 0 0 0 0 0 0 0 0 0 0 0 0 0 0 0 0 0 0 0 0 0 0 0 0 0 0 0 0 0 0 
0 0 0 0 0 0 0 0 0 0 0 0 0 0 0 0 0 0 0 0 0 0 0 0 0 0 0 0 0 0 0 0 0 0 0 0 0 0 0 0 
0 0 0 0 0 0 0 0 0 0 0 0 0 0 0 0 0 0 0 0 0 0 0 0 0 0 0 0 0 0 0 0 0 0 0 0 0 0 0 0 
<Qd>
0 0 0 0 0 0 0 0 0 0 0 0 0 0 0 0 0 0 0 0 0 0 0 0 0 0 0 0 0 0 0 0 0 0 0 0 0 0 0 0 
0 0 0 0 0 0 0 0 0 0 0 0 0 0 0 0 0 0 0 0 0 0 0 0 0 0 0 0 0 0 0 0 0 0 0 0 0 0 0 0 
0 0 0 0 0 0 0 0 0 0 0 0 0 0 0 0 0 0 0 0 0 0 0 0 0 0 0 0 0 0 0 0 0 0 0 0 0 0 0 0 
<H0>
-413209 -675229.998250578 -542999.999361715 -1204330 -1224230 -167079.999248881 -90294.9992677881 -50055.998611882 `  `  `  -235825 -194656 `  `  `  -546555 -508616 -761246 -807485 -1046576 -641672 -321525 -292586 -4039 -689929.999343307 -240339.999829424 -474270 -12059 -10437 -230014.999110065 0 -285830.098086347 -393510 0 0 0 -1207500 `  -826700 
<A0>
0 0 0 0 0 0 0 0 0 0 0 0 0 0 0 0 0 0 0 0 0 0 0 0 0 0 0 0 0 0 0 0 0 0 0 0 0 0 0 0 
<U0>
0 0 0 0 0 0 0 0 0 0 0 0 0 0 0 0 0 0 0 0 0 0 0 0 0 0 0 0 0 0 0 0 0 0 0 0 0 0 0 0 
<S0>
119.506454467773 -49.9999881490744 -56.1999964394645 2.25874805450439 91.8649520874023 56.600003562462 -102.170992659986 -282.403982297003 1.17549435082229e-38 1.17549435082229e-38 1.17549435082229e-38 7.56318712234497 -121.305511474609 1.17549435082229e-38 1.17549435082229e-38 1.17549435082229e-38 31.9298305511475 127.51806640625 183.42253112793 -47.4067420959473 76.2364883422852 -379.663665771484 -29.6277961730957 -109.343795776367 57.6883163452148 98.4000059746146 58.4500019183888 26.7873706817627 109.298728942871 95.6077194213867 -10.899993589953 0 69.9494016414095 213.785003662109 130.679992675781 191.608993530273 205.151992797852 91.7099990844727 1.17549435082229e-38 131.597229003906 
<Cp0>
190.707000732422 -289.321970260435 -30.9377620203315 124.752998352051 -77.0690002441406 -122.490362898508 -22.3909317351635 -106.853925072443 1.17549435082229e-38 1.17549435082229e-38 1.17549435082229e-38 -146.115005493164 -231.115005493164 1.17549435082229e-38 1.17549435082229e-38 1.17549435082229e-38 127.702003479004 42.7019996643066 -31.94700050354 203.052993774414 193.404006958008 -65.2979965209961 52.351001739502 -32.648998260498 173.022994995117 -45.0449206249892 38.1182271553368 113.327003479004 229.162002563477 246.901992797852 -136.387340460219 0 75.3605258478432 37.0747465986246 28.8373256652201 29.1244101905586 29.3825885202285 83.4720684808875 1.17549435082229e-38 153.259994506836 
<VPh>
0 0 4.79242146065221e-05 0 0 0 0 0 0 0 
<GPh>
0 -35.2413782932418 -0.848389189332058 0 0 0 -1281.16761775959 0 0 0 
<HPh>
0 0 0.40528844491527 0 0 0 0 0 0 0 
<SPh>
0 0.118200161976327 0.00420485538905694 0 0 0 4.29705724554618 0 0 0 
<CPh>
0 0 0.00767055309673261 0 0 0 0 0 0 0 
<APh>
0 -35.2413782932418 -0.848437113546665 0 0 0 -1281.16761775959 0 0 0 
<UPh>
0 0 0.405240520700663 0 0 0 0 0 0 0 